@Using Triangular Membership Functions as antecedent fuzzy sets

@Number of Labels in Variable 1: 5
sepalLength:
L_0(5): (3.6944730826587477,4.594473082658748,5.4944730826587485)
L_1(5): (4.027520219353094,4.927520219353094,5.827520219353094)
L_2(5): (5.153201694920811,6.05320169492081,6.953201694920811)
L_3(5): (5.728487249067507,6.628487249067508,7.528487249067508)
L_4(5): (7.228405394666323,8.128405394666324,9.028405394666324)


@Number of Labels in Variable 2: 5
sepalWidth:
L_0(5): (1.1561558786161217,1.7561558786161218,2.356155878616122)
L_1(5): (1.8088608269595505,2.408860826959551,3.008860826959551)
L_2(5): (2.6636611021689682,3.2636611021689683,3.8636611021689684)
L_3(5): (2.989852041845484,3.589852041845484,4.189852041845484)
L_4(5): (3.8217483591393417,4.421748359139342,5.021748359139342)


@Number of Labels in Variable 3: 5
petalLength:
L_0(5): (-0.3448418930772921,1.130158106922708,2.605158106922708)
L_1(5): (0.8746146625380332,2.349614662538033,3.8246146625380333)
L_2(5): (2.4097576637545104,3.8847576637545105,5.359757663754511)
L_3(5): (3.5031048536211933,4.978104853621194,6.453104853621194)
L_4(5): (6.118506305534921,7.593506305534921,9.068506305534921)


@Number of Labels in Variable 4: 5
petalWidth:
L_0(5): (-0.43953067400298285,0.1604693259970172,0.7604693259970171)
L_1(5): (-0.03224238470854701,0.567757615291453,1.167757615291453)
L_2(5): (0.7504915184595333,1.3504915184595334,1.9504915184595333)
L_3(5): (1.5610726936109849,2.1610726936109845,2.7610726936109846)
L_4(5): (1.8217915770582387,2.4217915770582388,3.021791577058239)
