@Using Triangular Membership Functions as antecedent fuzzy sets

@Number of Labels in Variable 1: 5
sepalLength:
L_0(5): (3.634107203779436,4.5341072037794365,5.434107203779437)
L_1(5): (3.9045691455064624,4.804569145506463,5.704569145506462)
L_2(5): (5.264203050523603,6.164203050523603,7.064203050523603)
L_3(5): (6.474965889673067,7.374965889673067,8.274965889673068)
L_4(5): (7.177989374923058,8.077989374923058,8.977989374923059)


@Number of Labels in Variable 2: 5
sepalWidth:
L_0(5): (1.1952878757986003,1.7952878757986004,2.3952878757986005)
L_1(5): (1.832395392449906,2.432395392449906,3.032395392449906)
L_2(5): (2.525598093233831,3.125598093233831,3.725598093233831)
L_3(5): (3.16845564944664,3.76845564944664,4.36845564944664)
L_4(5): (3.9659566002681133,4.565956600268113,5.165956600268113)


@Number of Labels in Variable 3: 5
petalLength:
L_0(5): (-0.19160544361897686,1.2833945563810232,2.7583945563810235)
L_1(5): (0.34328354621459267,1.8182835462145928,3.293283546214593)
L_2(5): (2.83041504252247,4.30541504252247,5.7804150425224705)
L_3(5): (4.286681968412338,5.761681968412338,7.236681968412338)
L_4(5): (5.897744396807637,7.3727443968076365,8.847744396807636)


@Number of Labels in Variable 4: 5
petalWidth:
L_0(5): (-0.4676310698258746,0.1323689301741254,0.7323689301741254)
L_1(5): (0.3036501391181936,0.9036501391181936,1.5036501391181936)
L_2(5): (0.8568007426877144,1.4568007426877145,2.0568007426877144)
L_3(5): (1.4875905874134472,2.0875905874134473,2.6875905874134474)
L_4(5): (1.6660432755376866,2.2660432755376867,2.866043275537687)
